              precision    recall  f1-score   support

         0.0       0.98      0.38      0.54     21277
         1.0       0.73      0.98      0.83     47619
         2.0       0.72      0.58      0.64     21156
         3.0       0.86      0.92      0.89     41481
         4.0       0.77      0.77      0.77     33369
         5.0       0.89      0.81      0.85     44303
         6.0       0.97      0.95      0.96     46353
         7.0       0.86      0.92      0.89     35432
         8.0       0.88      0.88      0.88     26645
         9.0       0.94      0.95      0.94     15149

    accuracy                           0.85    332784
   macro avg       0.86      0.81      0.82    332784
weighted avg       0.86      0.85      0.84    332784

